0.04833881460928171 0.8805584281282316
0.046685520682340054 0.8531540847983454
0.04560082964232647 0.8588417786970011
0.04439476366159261 0.8262668045501551
0.04321172865758124 0.7678386763185109
0.0422933105522293 0.7264736297828336
0.04153749797788648 0.6964839710444675
0.04082599403000064 0.6649431230610134
0.04013545894004429 0.6375387797311272
0.03946613314714917 0.6049638055842812
0.03880189890673621 0.5796277145811789
0.03815775607070833 0.5604963805584282
0.03751935207214619 0.5429162357807653
0.036901677216466214 0.5180972078593589
0.03629321490275974 0.4968976215098242
0.03570368385531062 0.4663908996897621
0.035125724958877294 0.4472595656670114
0.034564707941433064 0.42450879007238884
0.034015800280750165 0.405894519131334
0.033480669841783904 0.3883143743536711
0.032956887844263316 0.37176835573940026
0.0324464536245993 0.3531540847983454
0.03195004704740326 0.3324715615305067
0.03146921758523222 0.31799379524301963
0.031004003878429824 0.3076525336091003
0.030554276215711784 0.30041365046535673
0.03011927969781643 0.2947259565667011
0.029698280742477854 0.28283350568769394
0.029290528088338038 0.2735263702171665
0.028895279064058026 0.2595656670113754
0.02851154602074378 0.250258531540848
0.02813821854091483 0.2404343329886246
0.027774338093380733 0.23061013443640122
0.027419170900355287 0.22337125129265767
0.027071918473638167 0.21871768355739396
0.02673154360999754 0.21044467425025848
0.026396987098013726 0.20268872802481908
0.02606751891219949 0.1990692864529473
0.025742929432585316 0.1944157187176836
0.02542355788188089 0.19027921406411585
0.025110145997091642 0.18355739400206827
0.02480352745536375 0.18045501551189247
0.024504421860645283 0.1768355739400207
0.02421342643158748 0.17269906928645296
0.023930918847434042 0.16856256463288521
0.023656847534265526 0.16442605997931747
0.023390677780693685 0.16287487073422957
0.023131600378472696 0.15977249224405377
0.022878840128633667 0.15873836608066183
0.02263194430964384 0.156153050672182
0.022390919718590734 0.1530506721820062
0.022156012926960542 0.15201654601861425
0.02192728402588009 0.15098241985522232
0.021704409175289374 0.14994829369183038
0.021486828797280345 0.14891416752843845
0.021273986333378753 0.14684591520165458
0.021065466448300343 0.1447776628748707
0.020861029790409474 0.14064115822130296
0.020660582815287806 0.1385729058945191
0.020464117469789368 0.1385729058945191
0.020271634313731243 0.140124095139607
0.020083056746911528 0.1416752843846949
0.019898208173975602 0.14219234746639087
0.01971689859220191 0.140124095139607
0.019539035388027797 0.13960703205791103
0.019364657964138447 0.13805584281282313
0.01919387897776455 0.13805584281282313
0.01902676778959977 0.13805584281282313
0.018863244246533142 0.13598759048603926
0.018703060688728644 0.13753877973112716
0.018545888121700327 0.1370217166494312
0.018391440920725834 0.13650465356773522
0.018239559470460985 0.13753877973112716
0.018090214398544024 0.1354705274043433
0.01794344898901977 0.13340227507755942
0.01779930760422271 0.13236814891416748
0.017657793286042226 0.12978283350568764
0.017518865044237726 0.1302998965873836
0.017382457307233135 0.12978283350568764
0.017248500567233153 0.12823164426059974
0.017116933786997635 0.12202688728024824
0.016987709045089963 0.12357807652533614
0.016860790734273698 0.12202688728024824
0.016736149728845042 0.12150982419855227
0.016613754155327662 0.12254395036194421
0.01649356184673834 0.12150982419855227
0.016375518795280146 0.12150982419855227
0.016259563093859404 0.12150982419855227
0.0161456305383674 0.12409513960703211
0.016033657742058616 0.12461220268872808
0.01592358021793897 0.12512926577042394
0.015815326090429415 0.12512926577042394
0.01570880915399534 0.12461220268872808
0.015603925413579542 0.12357807652533614
0.01550055515253305 0.12357807652533614
0.015398570167031615 0.12306101344364018
0.015297844239828724 0.12047569803516034
0.015198264020889155 0.11995863495346437
0.015099737328047464 0.11892450879007244
0.015002196973140322 0.1194415718717684
0.014905600324148352 0.11892450879007244
0.01480992658319456 0.1194415718717684
0.014715173838377506 0.1194415718717684
0.014621356412934765 0.11840744570837647
0.014528501482478676 0.11737331954498453
0.014436643923122402 0.1163391933815926
0.014345819821958726 0.11685625646328857
0.014256060462443907 0.11530506721820066
0.014167388567362991 0.11427094105480873
0.014079817344401932 0.11530506721820066
0.013993351647922021 0.11427094105480873
0.013907990192550707 0.11323681489141679
0.013823728078938197 0.11116856256463292
0.013740559226648396 0.11168562564632889
0.013658478225403982 0.11065149948293695
0.013577480838967903 0.10961737331954502
0.01349756249686388 0.10910031023784905
0.013418714860788852 0.10806618407445712
0.013340921635442211 0.10599793174767325
0.013264155552952652 0.10548086866597728
0.013188378315820527 0.10392967942088938
0.01311354408856413 0.10392967942088938
0.013039605436544584 0.10444674250258534
0.012966519446177762 0.10496380558428131
0.012894251850984324 0.10341261633919341
0.012822778194139592 0.10289555325749744
0.012752082532458896 0.10237849017580147
0.012682155048166213 0.1018614270941055
0.012612989902299037 0.1018614270941055
0.012544584116011288 0.09979317476732164
0.012476937714137921 0.09927611168562567
0.012410054955130994 0.09824198552223373
0.012343946049491105 0.0987590486039297
0.012278628322797688 0.09979317476732164
0.01221412564607861 0.09927611168562567
0.012150465495139517 0.09669079627714583
0.012087674082374194 0.09617373319544986
0.012025770969793105 0.09617373319544986
0.011964764812628911 0.09513960703205793
0.011904651385509949 0.0956566701137539
0.011845414270009449 0.0956566701137539
0.011787027954811846 0.09513960703205793
0.011729462729055916 0.09410548086866599
0.011672690547041653 0.09255429162357809
0.01161669090653609 0.09100310237849019
0.011561455670795414 0.09100310237849019
0.011506991702856339 0.08945191313340228
0.011453320292844075 0.08996897621509825
0.011400472858422286 0.08893485005170632
0.011348483408635037 0.08841778697001035
0.011297379495156117 0.08841778697001035
0.011247174090922836 0.08790072388831438
0.011197860424348657 0.08738366080661841
0.011149410480155553 0.08686659772492245
0.011101776572173459 0.08738366080661841
0.011054894822763487 0.08686659772492245
0.011008689536928884 0.08686659772492245
0.010963077876230791 0.08686659772492245
0.010917974538811381 0.08583247156153051
0.010873296241822612 0.08428128231644261
0.010828965769263088 0.0827300930713547
0.010784915313331131 0.0827300930713547
0.010741088875201837 0.0827300930713547
0.01069744360702515 0.0827300930713547
0.010653950126184464 0.08221302998965874
0.010610591963089052 0.08169596690796277
0.010567364387414943 0.08169596690796277
0.010524272889697418 0.0811789038262668
0.010481331573243333 0.08066184074457083
0.01043856163320079 0.08066184074457083
0.01039598997985912 0.08066184074457083
0.010353647941388868 0.08066184074457083
0.010311569905160429 0.08014477766287487
0.010269791756541103 0.07911065149948293
0.01022834904873608 0.07911065149948293
0.010187274959509192 0.07859358841778696
0.010146598217886282 0.078076525336091
0.01010634126824369 0.078076525336091
0.01006651894086551 0.07704239917269906
0.010027137806618121 0.07704239917269906
0.009988196241937006 0.07755946225439503
0.009949685083525757 0.078076525336091
0.009911588668737484 0.07755946225439503
0.009873886055372033 0.07755946225439503
0.00983655226672998 0.078076525336091
0.009799559470305199 0.078076525336091
0.009762878043342763 0.07755946225439503
0.009726477505797531 0.07704239917269906
0.009690327328000403 0.07704239917269906
0.009654397659383066 0.0765253360910031
0.009618660069321916 0.07600827300930713
0.009583088414300162 0.0765253360910031
0.00954765991359285 0.0765253360910031
0.009512356411591741 0.0765253360910031
0.009477165645951772 0.07600827300930713
0.009442082181704085 0.07549120992761116
0.009407107595537473 0.07549120992761116
0.009372249589374847 0.07497414684591519
0.009337520016894186 0.07497414684591519
0.009302932238110252 0.07549120992761116
0.009268498558213704 0.07549120992761116
0.009234228529613954 0.07497414684591519
0.009200128556129826 0.07497414684591519
0.009166202735741664 0.07445708376421922
0.009132454495524554 0.07394002068252326
0.009098888456062514 0.07290589451913132
0.009065512066445272 0.07290589451913132
0.009032336740388405 0.07238883143743535
0.008999378393462628 0.07187176835573938
0.008966657391272899 0.07290589451913132
0.008934197974443628 0.07290589451913132
0.008902027251321007 0.07394002068252326
0.0088701738663528 0.07394002068252326
0.008838666474433916 0.07394002068252326
0.00880753217801414 0.07394002068252326
0.00877679510180533 0.07445708376421922
0.008746475274536316 0.07394002068252326
0.008716587950335726 0.07394002068252326
0.008687143436746193 0.07394002068252326
0.008658147414243103 0.07445708376421922
0.008629601651082201 0.07497414684591519
0.008601504955725245 0.07600827300930713
0.008573854180914093 0.07549120992761116
0.008546645103720607 0.07549120992761116
0.008519873049478943 0.07497414684591519
0.008493533191720522 0.07497414684591519
0.008467620529326854 0.07445708376421922
0.008442129601271836 0.07445708376421922
0.008417054037401965 0.07445708376421922
0.008392386055259353 0.07445708376421922
0.0083681159996042 0.07394002068252326
0.008344231991368472 0.07342295760082729
0.008320719718378009 0.07290589451913132
0.008297562372409339 0.07238883143743535
0.008274740721839459 0.07342295760082729
0.008252233305642549 0.07445708376421922
0.008230016737817465 0.07445708376421922
0.008208066115859582 0.07394002068252326
0.008186355528784136 0.07394002068252326
0.008164858657629882 0.07394002068252326
0.008143549453494641 0.07394002068252326
0.008122402864803008 0.07394002068252326
0.008101395568251792 0.07394002068252326
0.008080506641657768 0.07394002068252326
0.008059718110042684 0.07290589451913132
0.008039015307002855 0.07290589451913132
0.008018387023972168 0.07238883143743535
0.00799782546211054 0.07238883143743535
0.007977326038282068 0.07290589451913132
0.007956887111309395 0.07290589451913132
0.007936509681562898 0.07290589451913132
0.007916197084800215 0.07290589451913132
0.007895954667898606 0.07290589451913132
0.007875789416132362 0.07290589451913132
0.007855709505919945 0.07290589451913132
0.007835723779546997 0.07342295760082729
0.007815841168097368 0.07290589451913132
0.007796070112904388 0.07135470527404342
0.007776418044835818 0.07083764219234745
0.007756890971818146 0.07083764219234745
0.007737493202752596 0.06980351602895551
0.007718227210173401 0.06928645294725955
0.007699093615090864 0.06928645294725955
0.007680091271553433 0.06876938986556358
0.00766121743461007 0.06825232678386761
0.007642468006662161 0.06825232678386761
0.007623837864988737 0.06773526370217164
0.007605321271726926 0.06773526370217164
0.007586912356426663 0.06773526370217164
0.0075686056448981505 0.06773526370217164
0.007550396592852134 0.06773526370217164
0.0075322820742207055 0.06773526370217164
0.007514260774700618 0.06773526370217164
0.007496333450595587 0.06773526370217164
0.007478503028696082 0.06825232678386761
0.00746077454074611 0.06876938986556358
0.007443154902178067 0.06876938986556358
0.007425652556940946 0.06928645294725955
0.007408277018380513 0.06980351602895551
0.0073910383419682 0.06928645294725955
0.007373946570815035 0.06928645294725955
0.007357011198843174 0.07032057911065148
0.007340240696249334 0.07032057911065148
0.00732364213403368 0.07083764219234745
0.007307220928051449 0.07083764219234745
0.007290980701802868 0.07083764219234745
0.0072749232477602385 0.07083764219234745
0.007259048556045844 0.07032057911065148
0.0072433548798573446 0.06980351602895551
0.0072278388175605595 0.07032057911065148
0.0072124954066060485 0.06980351602895551
0.007197318238142924 0.06928645294725955
0.007182299608673866 0.06825232678386761
0.007167430724469822 0.06825232678386761
0.0071527019667779945 0.06825232678386761
0.007138103214077471 0.06825232678386761
0.007123624205355756 0.06825232678386761
0.007109254918669833 0.06825232678386761
0.007094985933964566 0.06825232678386761
0.007080808748704566 0.06825232678386761
0.007066716018705173 0.06825232678386761
0.007052701703501365 0.06928645294725955
0.0070387611046136035 0.06980351602895551
0.0070248907954292535 0.06928645294725955
0.007011088452572169 0.06876938986556358
0.0069973526097911794 0.06773526370217164
0.006983682365149099 0.06670113753877971
0.006970077078631218 0.06670113753877971
0.006956536098197506 0.06721820062047568
0.006943058546675655 0.06825232678386761
0.006929643190326326 0.06825232678386761
0.006916288394817361 0.06773526370217164
0.006902992159256364 0.06773526370217164
0.006889752207316717 0.06721820062047568
0.006876566108619169 0.06721820062047568
0.006863431403896013 0.06721820062047568
0.00685034571291319 0.06721820062047568
0.0068373068124832305 0.06670113753877971
0.00682431268076093 0.06670113753877971
0.006811361511389521 0.06721820062047568
0.006798451705765835 0.06670113753877971
0.006785581853399401 0.06670113753877971
0.006772750709465538 0.06670113753877971
0.006759957176073156 0.06670113753877971
0.006747200290519447 0.06721820062047568
0.0067344792208046365 0.06670113753877971
0.006721793266547123 0.06721820062047568
0.006709141862415156 0.06721820062047568
0.006696524581184202 0.06721820062047568
0.006683941134230728 0.06721820062047568
0.006671391368298659 0.06670113753877971
0.006658875258384137 0.06721820062047568
0.006646392897351798 0.06721820062047568
0.006633944483327453 0.06721820062047568
0.006621530306022587 0.06721820062047568
0.006609150733018263 0.06721820062047568
0.0065968061967764035 0.06773526370217164
0.0065844971828547426 0.06773526370217164
0.006572224219549626 0.06721820062047568
0.006559987869017902 0.06618407445708374
0.006547788719843141 0.0651499482936918
0.006535627380998202 0.0651499482936918
0.006523504477186875 0.0651499482936918
0.0065114206455890175 0.0651499482936918
0.0064993765340560245 0.0651499482936918
0.006487372800785784 0.0651499482936918
0.0064754101154401115 0.0651499482936918
0.006463489161558842 0.0651499482936918
0.006451610639991201 0.06566701137538777
0.006439775272932583 0.0651499482936918
0.006427983808051077 0.06463288521199584
0.0064162370221367265 0.06411582213029987
0.006404535723721433 0.06463288521199584
0.006392880754200986 0.06463288521199584
0.006381272987132973 0.06463288521199584
0.0063697133255662085 0.06463288521199584
0.006358202697454601 0.06463288521199584
0.006346742049395862 0.06463288521199584
0.0063353323390918865 0.06463288521199584
0.0063239745270369145 0.0635987590486039
0.0063126695679936945 0.0635987590486039
0.006301418402814902 0.0635987590486039
0.006290221951111943 0.0635987590486039
0.0062790811051746795 0.0635987590486039
0.006267996725415329 0.0635987590486039
0.006256969637461011 0.0635987590486039
0.006246000630865214 0.0635987590486039
0.006235090459261393 0.06308169596690794
0.006224239841652975 0.06308169596690794
0.006213449464432553 0.06308169596690794
0.006202719983655737 0.06308169596690794
0.006192052027066816 0.06308169596690794
0.006181446195385689 0.0635987590486039
0.006170903062417959 0.06308169596690794
0.006160423173639073 0.06308169596690794
0.006150007043023439 0.06308169596690794
0.0061396551480323225 0.06308169596690794
0.006129367922830443 0.06256463288521197
0.006119145749959604 0.06256463288521197
0.006108988950846704 0.06308169596690794
0.006098897775651939 0.06256463288521197
0.00608887239306075 0.06256463288521197
0.0060789128806819194 0.06256463288521197
0.006069019216729193 0.06256463288521197
0.006059191273633085 0.06308169596690794
0.006049428814155175 0.06256463288521197
0.006039731490465073 0.06256463288521197
0.006030098846498724 0.06256463288521197
0.00602053032375679 0.06256463288521197
0.006011025270534902 0.06256463288521197
0.006001582954415092 0.06256463288521197
0.005992202577699404 0.06256463288521197
0.0059828832953403655 0.062047569803516
0.005973624234823717 0.062047569803516
0.005964424517388879 0.062047569803516
0.005955283279932247 0.062047569803516
0.005946199696925527 0.06153050672182003
0.0059371730016929665 0.06153050672182003
0.005928202506423467 0.06153050672182003
0.005919287620342414 0.06153050672182003
0.005910427865529432 0.06153050672182003
0.005901622889938983 0.06153050672182003
0.005892872477257492 0.0604963805584281
0.005884176553311321 0.05946225439503616
0.0058755351888224935 0.05946225439503616
0.005866948598392672 0.05946225439503616
0.005858417135680068 0.05946225439503616
0.005849941284819057 0.05946225439503616
0.005841521648219109 0.05946225439503616
0.005833158930968972 0.058945191313340195
0.005824853922164437 0.058945191313340195
0.00581660747357271 0.058945191313340195
0.005808420476141276 0.058945191313340195
0.005800293834949981 0.058945191313340195
0.005792228443285644 0.058945191313340195
0.005784225156580903 0.05842812823164423
0.00577628476699507 0.05842812823164423
0.005768407979416458 0.05791106514994826
0.005760595389627433 0.05842812823164423
0.005752847465293242 0.05842812823164423
0.005745164530315838 0.05842812823164423
0.005737546752941579 0.05842812823164423
0.005729994137837997 0.058945191313340195
0.0057225065221741004 0.058945191313340195
0.005715083575565671 0.058945191313340195
0.005707724803595857 0.058945191313340195
0.005700429554502632 0.058945191313340195
0.005693197028544962 0.058945191313340195
0.005686026289520197 0.058945191313340195
0.005678916277903284 0.058945191313340195
0.005671865825107052 0.05842812823164423
0.0056648736684136 0.05842812823164423
0.0056579384661900435 0.05842812823164423
0.005651058813069779 0.05842812823164423
0.005644233254846003 0.05842812823164423
0.005637460302883711 0.05842812823164423
0.005630738447907488 0.05791106514994826
0.005624066173064847 0.05791106514994826
0.005617441966199309 0.05791106514994826
0.005610864331294706 0.05791106514994826
0.005604331799073341 0.05791106514994826
0.005597842936745945 0.05739400206825229
0.005591396356921145 0.05739400206825229
0.0055849907256862825 0.05739400206825229
0.0055786247698702985 0.05635987590486036
0.005572297283493439 0.05635987590486036
0.005566007133399084 0.05584281282316439
0.0055597532640515885 0.056876938986556325
0.005553534701472476 0.056876938986556325
0.005547350556277651 0.05635987590486036
0.0055412000257718886 0.05635987590486036
0.005535082395054754 0.05635987590486036
0.005528997037094868 0.05635987590486036
0.005522943411736533 0.05635987590486036
0.0055169210636139615 0.05635987590486036
0.005510929618962443 0.05635987590486036
0.005504968781332267 0.05635987590486036
0.005499038326229016 0.056876938986556325
0.005493138094722687 0.056876938986556325
0.005487267986087626 0.056876938986556325
0.005481427949555145 0.05635987590486036
0.005475617975281087 0.05635987590486036
0.005469838084650833 0.05635987590486036
0.005464088320064015 0.05635987590486036
0.005458368734359586 0.05635987590486036
0.005452679380057731 0.05635987590486036
0.005447020298607343 0.05635987590486036
0.005441391509834857 0.05584281282316439
0.005435793001791433 0.05584281282316439
0.005430224721189765 0.05532574974146842
0.005424686564609191 0.054808686659772454
0.005419178370628357 0.054808686659772454
0.005413699913019471 0.054808686659772454
0.0054082508951083415 0.054808686659772454
0.005402830945371224 0.054808686659772454
0.005397439614305042 0.05532574974146842
0.00539207637257287 0.05532574974146842
0.0053867406103934755 0.05532574974146842
0.005381431638113086 0.05532574974146842
0.005376148687870536 0.054808686659772454
0.005370890916244157 0.054808686659772454
0.005365657407750724 0.054808686659772454
0.005360447179054127 0.054808686659772454
0.005355259183734077 0.05377456049638052
0.005350092317463689 0.05325749741468455
0.005344945423448935 0.05325749741468455
0.005339817297992614 0.05325749741468455
0.00533470669606038 0.05325749741468455
0.005329612336745608 0.052740434332988584
0.005324532908552984 0.052740434332988584
0.0053194670744463 0.052740434332988584
0.0053144134766333236 0.052223371251292616
0.005309370741088331 0.052223371251292616
0.005304337481840415 0.052223371251292616
0.005299312305081611 0.052740434332988584
0.005294293813173057 0.052740434332988584
0.0052892806086487654 0.052740434332988584
0.005284271298335082 0.052740434332988584
0.005279264497718618 0.052740434332988584
0.005274258835706094 0.05325749741468455
0.0052692529599250425 0.052740434332988584
0.005264245542713678 0.052740434332988584
0.005259235287940112 0.052740434332988584
0.005254220938773701 0.052740434332988584
0.005249201286503189 0.052223371251292616
0.005244175180455785 0.052223371251292616
0.005239141539017417 0.052223371251292616
0.005234099361687123 0.052223371251292616
0.005229047742018754 0.052223371251292616
0.005223985881214 0.05170630816959665
0.005218913102036557 0.05170630816959665
0.005213828862624936 0.05170630816959665
0.005208732769699049 0.05170630816959665
0.005203624590592822 0.05118924508790068
0.005198504263511203 0.05118924508790068
0.005193371905413471 0.05118924508790068
0.005188227816971584 0.052223371251292616
0.005183072484144787 0.052223371251292616
0.005177906576046761 0.05170630816959665
0.00517273093895161 0.05170630816959665
0.005167546586477139 0.052223371251292616
0.005162354686181807 0.052223371251292616
0.005157156542997848 0.052223371251292616
0.005151953580080004 0.052223371251292616
0.005146747317763461 0.052223371251292616
0.005141539351386784 0.052223371251292616
0.005136331328743162 0.052223371251292616
0.005131124927879399 0.052223371251292616
0.005125921835875127 0.052223371251292616
0.005120723729116989 0.052223371251292616
0.005115532255447599 0.052223371251292616
0.005110349018430538 0.052223371251292616
0.005105175563842046 0.052223371251292616
0.005100013368386267 0.052223371251292616
0.005094863830539347 0.05170630816959665
0.005089728263360701 0.05170630816959665
0.0050846078890669335 0.05170630816959665
0.005079503835142974 0.05118924508790068
0.005074417131762101 0.05118924508790068
0.00506934871029774 0.05118924508790068
0.00506429940273069 0.05170630816959665
0.005059269941782048 0.05170630816959665
0.005054260961631135 0.05170630816959665
0.0050492729991063415 0.05170630816959665
0.005044306495263369 0.05170630816959665
0.0050393617972879995 0.052223371251292616
0.005034439160679186 0.05170630816959665
0.0050295387516819745 0.05170630816959665
0.005024660649949395 0.05170630816959665
0.0050198048514179415 0.052223371251292616
0.005014971271383763 0.052223371251292616
0.005010159747766629 0.052223371251292616
0.005005370044547412 0.052223371251292616
0.005000601855362712 0.052223371251292616
0.004995854807238401 0.052223371251292616
0.004991128464442533 0.052740434332988584
0.004986422332437955 0.052740434332988584
0.00498173586191599 0.052740434332988584
0.004977068452894709 0.052740434332988584
0.004972419458868596 0.052740434332988584
0.004967788191000034 0.052740434332988584
0.004963173922346932 0.052740434332988584
0.004958575892124215 0.05325749741468455
0.004953993309999449 0.052740434332988584
0.004949425360424246 0.052740434332988584
0.0049448712070028185 0.052740434332988584
0.0049403299968973635 0.05325749741468455
0.00493580086526659 0.05325749741468455
0.004931282939729084 0.05377456049638052
0.004926775344837588 0.05377456049638052
0.004922277206544118 0.05377456049638052
0.00491778765662961 0.05377456049638052
0.004913305837066008 0.05377456049638052
0.004908830904273883 0.05377456049638052
0.004904362033234993 0.05377456049638052
0.004899898421417391 0.052740434332988584
0.004895439292470392 0.052740434332988584
0.004890983899648574 0.052223371251292616
0.004886531528927466 0.052223371251292616
0.00488208150177884 0.05118924508790068
0.00487763317758015 0.05067218200620471
0.0048731859556403545 0.05067218200620471
0.004868739276832658 0.05067218200620471
0.004864292624833383 0.050155118924508746
0.0048598455269745116 0.050155118924508746
0.004855397554725297 0.050155118924508746
0.00485094832382541 0.04963805584281278
0.004846497494097679 0.04963805584281278
0.004842044768973162 0.04912099276111681
0.0048375898947641705 0.04912099276111681
0.0048331326597225825 0.04860392967942084
0.004828672892920993 0.04860392967942084
0.004824210462993404 0.04860392967942084
0.004819745276770191 0.04860392967942084
0.0048152772778394005 0.04912099276111681
0.004810806445063272 0.04912099276111681
0.004806332791075201 0.04860392967942084
0.004801856360778816 0.04860392967942084
0.0047973772298670345 0.04860392967942084
0.004792895503375526 0.04860392967942084
0.004788411314281572 0.04912099276111681
0.004783924822156193 0.04912099276111681
0.004779436211874424 0.04963805584281278
0.004774945692385774 0.04963805584281278
0.004770453495544254 0.04963805584281278
0.004765959874994702 0.04860392967942084
0.0047614651051095585 0.04860392967942084
0.004756969479967858 0.048086866597724875
0.004752473312365801 0.04756980351602891
0.0047479769328462535 0.04756980351602891
0.004743480688732643 0.04705274043433294
0.00473898494315149 0.04705274043433294
0.004734490074027013 0.04705274043433294
0.004729996473031188 0.04756980351602891
0.004725504544473357 0.04756980351602891
0.004721014704114978 0.04756980351602891
0.004716527377897365 0.04756980351602891
0.004712043000573272 0.04756980351602891
0.004707562014236642 0.04756980351602891
0.0047030848667486925 0.04756980351602891
0.004698612010062518 0.04756980351602891
0.004694143898452064 0.04756980351602891
0.00468968098665491 0.04756980351602891
0.004685223727940995 0.04756980351602891
0.004680772572121631 0.04756980351602891
0.004676327963514484 0.04756980351602891
0.004671890338880878 0.04756980351602891
0.004667460125351813 0.04756980351602891
0.004663037738358907 0.04756980351602891
0.00465862357958599 0.04705274043433294
0.004654218034957039 0.04705274043433294
0.004649821472676392 0.04705274043433294
0.004645434241338221 0.04705274043433294
0.0046410566681240025 0.04705274043433294
0.004636689057109392 0.04705274043433294
0.0046323316877050795 0.04653567735263697
0.004627984813259872 0.04653567735263697
0.004623648659858014 0.04653567735263697
0.004619323425345913 0.04653567735263697
0.004615009278626056 0.04653567735263697
0.0046107063592569315 0.04653567735263697
0.004606414777397455 0.04653567735263697
0.0046021346141319145 0.04653567735263697
0.004597865922207175 0.04653567735263697
0.0045936087272073324 0.04653567735263697
0.004589363029182802 0.04653567735263697
0.004585128804740742 0.04653567735263697
0.004580906009592529 0.04653567735263697
0.004576694581541816 0.04653567735263697
0.004572494443884111 0.04653567735263697
0.00456830550917637 0.04653567735263697
0.004564127683322938 0.046018614270941005
0.004559960869913134 0.046018614270941005
0.004555804974735882 0.046018614270941005
0.004551659910388591 0.046018614270941005
0.004547525600891133 0.04550155118924504
0.004543401986211693 0.04550155118924504
0.004539289026609335 0.04550155118924504
0.004535186706698825 0.04498448810754907
0.0045310950391464384 0.04498448810754907
0.004527014067911164 0.04498448810754907
0.004522943870954041 0.0444674250258531
0.004518884562348859 0.0444674250258531
0.0045148362937402296 0.04498448810754907
0.004510799255109506 0.04498448810754907
0.00450677367482493 0.04498448810754907
0.004502759818969143 0.04498448810754907
0.004498757989954281 0.04498448810754907
0.004494768524451646 0.04498448810754907
0.004490791790678879 0.04498448810754907
0.004486828185101812 0.04498448810754907
0.004482878128620637 0.04498448810754907
0.0044789420623196985 0.04498448810754907
0.004475020442867393 0.04498448810754907
0.004471113737656546 0.0444674250258531
0.004467222419776814 0.043950361944157135
0.0044633469629087605 0.043950361944157135
0.0044594878362249615 0.0444674250258531
0.004455645499376856 0.0444674250258531
0.004451820397637831 0.0444674250258531
0.004448012957263556 0.0444674250258531
0.004444223581120387 0.043950361944157135
0.004440452644622333 0.043950361944157135
0.004436700492006918 0.043950361944157135
0.00443296743297074 0.043950361944157135
0.004429253739676776 0.043950361944157135
0.004425559644137814 0.04343329886246117
0.004421885335973808 0.04343329886246117
0.004418230960535469 0.04343329886246117
0.004414596617382144 0.04343329886246117
0.004410982359098652 0.0429162357807652
0.004407388190433523 0.0429162357807652
0.004403814067739532 0.041882109617373264
0.004400259898696724 0.041882109617373264
0.004396725542298085 0.041882109617373264
0.004393210809078382 0.041882109617373264
0.004389715461567733 0.041882109617373264
0.004386239214952612 0.041882109617373264
0.004382781737928591 0.041882109617373264
0.00437934265373071 0.041882109617373264
0.004375921541329152 0.041882109617373264
0.004372517936779534 0.041882109617373264
0.004369131334718639 0.041882109617373264
0.004365761189997738 0.041882109617373264
0.004362406919446635 0.041882109617373264
0.0043590679037621375 0.041882109617373264
0.004355743489514938 0.04136504653567741
0.004352432991268595 0.04136504653567741
0.004349135693803771 0.04136504653567741
0.004345850854439828 0.041882109617373264
0.004342577705444691 0.041882109617373264
0.004339315456522337 0.041882109617373264
0.004336063297365723 0.041882109617373264
0.0043328204002613694 0.041882109617373264
0.0043295859227303595 0.041882109617373264
0.004326359010189224 0.041882109617373264
0.0043231387986132725 0.041882109617373264
0.0043199244171843315 0.041882109617373264
0.004316714990904695 0.041882109617373264
0.004313509643159485 0.041882109617373264
0.0043103074982102675 0.04136504653567741
0.004307107683604189 0.04136504653567741
0.00430390933248445 0.04136504653567741
0.004300711585790122 0.04136504653567741
0.004297513594335729 0.04136504653567741
0.004294314520763824 0.04136504653567741
0.004291113541366812 0.04136504653567741
0.004287909847777579 0.039813857290589505
0.004284702648531801 0.039813857290589505
0.004281491170508406 0.039813857290589505
0.0042782746602580985 0.039813857290589505
0.004275052385233267 0.04033092037228547
0.0042718236349359165 0.04033092037228547
0.004268587722003152 0.04033092037228547
0.0042653439832523185 0.04033092037228547
0.00426209178070995 0.04033092037228547
0.004258830502649942 0.04033092037228547
0.004255559564666916 0.04033092037228547
0.0042522784108102755 0.04033092037228547
0.0042489865148029595 0.04033092037228547
0.004245683381366125 0.04033092037228547
0.004242368547667114 0.04033092037228547
0.0042390415849026955 0.039813857290589505
0.004235702100023065 0.039813857290589505
0.004232349737594191 0.039813857290589505
0.004228984181786995 0.03929679420889354
0.004225605158471979 0.03929679420889354
0.004222212437386861 0.03929679420889354
0.004218805834333642 0.03929679420889354
0.0042153852133501 0.03929679420889354
0.004211950488789796 0.03877973112719757
0.004208501627234767 0.03877973112719757
0.00420503864915685 0.03877973112719757
0.004201561630237725 0.03877973112719757
0.004198070702254916 0.03877973112719757
0.004194566053442074 0.03877973112719757
0.004191047928236967 0.03877973112719757
0.004187516626340706 0.03877973112719757
0.004183972501026388 0.03929679420889354
0.004180415956654859 0.03929679420889354
0.004176847445378802 0.03929679420889354
0.004173267463043218 0.03877973112719757
0.00416967654431919 0.03877973112719757
0.004166075257137208 0.03929679420889354
0.00416246419651458 0.03929679420889354
0.004158843977896805 0.03929679420889354
0.004155215230153692 0.03929679420889354
0.0041515785883860365 0.03929679420889354
0.004147934686706891 0.03929679420889354
0.004144284151162326 0.039813857290589505
0.004140627592950206 0.04033092037228547
0.004136965602082214 0.04033092037228547
0.0041332987416154215 0.04033092037228547
0.0041296275425562355 0.04033092037228547
0.004125952499513138 0.04033092037228547
0.004122274067147086 0.039813857290589505
0.004118592657440992 0.03929679420889354
0.004114908637784082 0.03929679420889354
0.0041112223298439615 0.03929679420889354
0.004107534009179883 0.03929679420889354
0.004103843905535357 0.03929679420889354
0.004100152203737119 0.039813857290589505
0.004096459045120334 0.039813857290589505
0.004092764529396559 0.03929679420889354
0.004089068716880835 0.039813857290589505
0.0040853716309967505 0.039813857290589505
0.004081673260983029 0.039813857290589505
0.004077973564731091 0.039813857290589505
0.0040742724716902575 0.039813857290589505
0.004070569885784732 0.039813857290589505
0.004066865688294288 0.039813857290589505
0.004063159740658248 0.039813857290589505
0.00405945188716966 0.039813857290589505
0.004055741957533679 0.03929679420889354
0.004052029769270642 0.03929679420889354
0.004048315129950443 0.03929679420889354
0.004044597839250505 0.03929679420889354
0.00404087769083481 0.03929679420889354
0.004037154474056209 0.03929679420889354
0.004033427975488535 0.03929679420889354
0.004029697980298848 0.03929679420889354
0.004025964273473369 0.03929679420889354
0.004022226640913362 0.03929679420889354
0.004018484870419204 0.03929679420889354
0.004014738752582196 0.03929679420889354
0.004010988081604175 0.03929679420889354
0.004007232656064762 0.03929679420889354
0.004003472279655054 0.03877973112719757
0.003999706761894796 0.03877973112719757
0.003995935918847633 0.03877973112719757
0.003992159573846035 0.03877973112719757
0.003988377558234034 0.0382626680455016
0.003984589712132144 0.037745604963805635
0.003980795885224905 0.037745604963805635
0.003976995937567699 0.037745604963805635
0.003973189740405701 0.037745604963805635
0.003969377176994582 0.037745604963805635
0.003965558143409676 0.037745604963805635
0.003961732549328119 0.037745604963805635
0.003957900318766913 0.03722854188210967
0.003954061390759069 0.03722854188210967
0.003950215719949962 0.03722854188210967
0.003946363277096841 0.03722854188210967
0.003942504049455899 0.03722854188210967
0.003938638041043433 0.03722854188210967
0.003934765272760497 0.03722854188210967
0.0039308857823735065 0.03722854188210967
0.003926999624346906 0.03722854188210967
0.003923106869527673 0.0367114788004137
0.003919207604685249 0.0367114788004137
0.003915301931914215 0.0367114788004137
0.003911389967910451 0.03619441571871773
0.003907471843134828 0.03619441571871773
0.0039035477008810917 0.03619441571871773
0.0038996176962670143 0.03619441571871773
0.0038956819951695763 0.03619441571871773
0.003891740773126098 0.0367114788004137
0.003887794214223886 0.0367114788004137
0.0038838425100008924 0.0367114788004137
0.003879885858379338 0.0367114788004137
0.0038759244626530537 0.03722854188210967
0.0038719585305475976 0.03722854188210967
0.0038679882733699154 0.03722854188210967
0.003864013905261559 0.0367114788004137
0.0038600356425662085 0.0367114788004137
0.003856053703318572 0.03619441571871773
0.003852068306857689 0.03619441571871773
0.003848079673563317 0.035677352637021764
0.0038440880247096283 0.035677352637021764
0.003840093582425942 0.0351602895553258
0.0038360965697498274 0.03464322647362983
0.003832097210754017 0.03464322647362983
0.003828095730724991 0.03464322647362983
0.003824092356368505 0.03464322647362983
0.0038200873160154354 0.03464322647362983
0.003816080839800657 0.03464322647362983
0.0038120731597880322 0.03464322647362983
0.003808064510016223 0.03412616339193386
0.0038040551264427406 0.03412616339193386
0.00380004524676739 0.03412616339193386
0.003796035110120971 0.03464322647362983
0.003792024956610102 0.03464322647362983
0.0037880150267147563 0.03464322647362983
0.003784005560540492 0.03464322647362983
0.0037799967969326183 0.03464322647362983
0.0037759889724642824 0.03412616339193386
0.0037719823203142665 0.03412616339193386
0.0037679770690532775 0.03412616339193386
0.003763973441359425 0.03412616339193386
0.0037599716526844824 0.03412616339193386
0.003755971909892419 0.03412616339193386
0.003751974409890906 0.03412616339193386
0.003747979338274975 0.03412616339193386
0.0037439868680001448 0.03412616339193386
0.0037399971581003034 0.03412616339193386
0.003736010352463699 0.03412616339193386
0.003732026578678561 0.03412616339193386
0.003728045946958565 0.03412616339193386
0.0037240685491573837 0.033609100310237894
0.0037200944578811373 0.033092037228541926
0.0037161237257074963 0.033092037228541926
0.003712156384520613 0.033092037228541926
0.003708192444971619 0.033092037228541926
0.003704231896075221 0.033092037228541926
0.003700274704953606 0.033092037228541926
0.0036963208167394854 0.033092037228541926
0.0036923701546503138 0.033092037228541926
0.0036884226202456238 0.033092037228541926
0.0036844780938787105 0.033092037228541926
0.0036805364353527433 0.03257497414684596
0.003676597484789538 0.03257497414684596
0.003672661063716815 0.03257497414684596
0.0036687269763769365 0.03257497414684596
0.0036647950112564873 0.03257497414684596
0.0036608649428324087 0.03257497414684596
0.003656936533526079 0.03257497414684596
0.0036530095358524375 0.03205791106514999
0.003649083694746825 0.03205791106514999
0.003645158750047796 0.03205791106514999
0.0036412344391100124 0.03205791106514999
0.0036373104995174993 0.03205791106514999
0.0036333866718641253 0.03205791106514999
0.0036294627025652702 0.03205791106514999
0.003625538346662596 0.03205791106514999
0.0036216133705821666 0.03205791106514999
0.0036176875548055484 0.03205791106514999
0.003613760696413543 0.03205791106514999
0.0036098326114630194 0.03205791106514999
0.003605903137158864 0.03154084798345402
0.003601972133785414 0.03154084798345402
0.003598039486364665 0.03154084798345402
0.003594105106012064 0.03154084798345402
0.00359016893096482 0.03154084798345402
0.003586230927262227 0.03154084798345402